 'DIMENS  '           3 'INTE'
          15          15           1
 'GRIDUNIT'           2 'CHAR'
 'FEET    ' '        '
 'RADIAL  '           1 'CHAR'
 'FALSE   '
 'COORDS  '           7 'INTE'
           1           1           1           1           1           0
           0
 'CORNERS '          24 'REAL'
   0.00000000E+00   0.00000000E+00   0.32644360E+04   0.98419998E+02
   0.00000000E+00   0.32644360E+04   0.00000000E+00   0.98419998E+02
   0.32644360E+04   0.98419998E+02   0.98419998E+02   0.32644360E+04
   0.00000000E+00   0.00000000E+00   0.32972461E+04   0.98419998E+02
   0.00000000E+00   0.32972461E+04   0.00000000E+00   0.98419998E+02
   0.32972461E+04   0.98419998E+02   0.98419998E+02   0.32972461E+04
 'COORDS  '           7 'INTE'
           2           1           1           2           1           0
           0
 'CORNERS '          24 'REAL'
   0.98419998E+02   0.00000000E+00   0.32644360E+04   0.19684000E+03
   0.00000000E+00   0.32644360E+04   0.98419998E+02   0.98419998E+02
   0.32644360E+04   0.19684000E+03   0.98419998E+02   0.32644360E+04
   0.98419998E+02   0.00000000E+00   0.32972461E+04   0.19684000E+03
   0.00000000E+00   0.32972461E+04   0.98419998E+02   0.98419998E+02
   0.32972461E+04   0.19684000E+03   0.98419998E+02   0.32972461E+04
 'COORDS  '           7 'INTE'
           3           1           1           3           1           0
           0
 'CORNERS '          24 'REAL'
   0.19684000E+03   0.00000000E+00   0.32644360E+04   0.29526001E+03
   0.00000000E+00   0.32644360E+04   0.19684000E+03   0.98419998E+02
   0.32644360E+04   0.29526001E+03   0.98419998E+02   0.32644360E+04
   0.19684000E+03   0.00000000E+00   0.32972461E+04   0.29526001E+03
   0.00000000E+00   0.32972461E+04   0.19684000E+03   0.98419998E+02
   0.32972461E+04   0.29526001E+03   0.98419998E+02   0.32972461E+04
 'COORDS  '           7 'INTE'
           4           1           1           4           1           0
           0
 'CORNERS '          24 'REAL'
   0.29526001E+03   0.00000000E+00   0.32644360E+04   0.39367999E+03
   0.00000000E+00   0.32644360E+04   0.29526001E+03   0.98419998E+02
   0.32644360E+04   0.39367999E+03   0.98419998E+02   0.32644360E+04
   0.29526001E+03   0.00000000E+00   0.32972461E+04   0.39367999E+03
   0.00000000E+00   0.32972461E+04   0.29526001E+03   0.98419998E+02
   0.32972461E+04   0.39367999E+03   0.98419998E+02   0.32972461E+04
 'COORDS  '           7 'INTE'
           5           1           1           5           1           0
           0
 'CORNERS '          24 'REAL'
   0.39367999E+03   0.00000000E+00   0.32644360E+04   0.49210001E+03
   0.00000000E+00   0.32644360E+04   0.39367999E+03   0.98419998E+02
   0.32644360E+04   0.49210001E+03   0.98419998E+02   0.32644360E+04
   0.39367999E+03   0.00000000E+00   0.32972461E+04   0.49210001E+03
   0.00000000E+00   0.32972461E+04   0.39367999E+03   0.98419998E+02
   0.32972461E+04   0.49210001E+03   0.98419998E+02   0.32972461E+04
 'COORDS  '           7 'INTE'
           6           1           1           6           1           0
           0
 'CORNERS '          24 'REAL'
   0.49210001E+03   0.00000000E+00   0.32644360E+04   0.59052002E+03
   0.00000000E+00   0.32644360E+04   0.49210001E+03   0.98419998E+02
   0.32644360E+04   0.59052002E+03   0.98419998E+02   0.32644360E+04
   0.49210001E+03   0.00000000E+00   0.32972461E+04   0.59052002E+03
   0.00000000E+00   0.32972461E+04   0.49210001E+03   0.98419998E+02
   0.32972461E+04   0.59052002E+03   0.98419998E+02   0.32972461E+04
 'COORDS  '           7 'INTE'
           7           1           1           7           1           0
           0
 'CORNERS '          24 'REAL'
   0.59052002E+03   0.00000000E+00   0.32644360E+04   0.68894000E+03
   0.00000000E+00   0.32644360E+04   0.59052002E+03   0.98419998E+02
   0.32644360E+04   0.68894000E+03   0.98419998E+02   0.32644360E+04
   0.59052002E+03   0.00000000E+00   0.32972461E+04   0.68894000E+03
   0.00000000E+00   0.32972461E+04   0.59052002E+03   0.98419998E+02
   0.32972461E+04   0.68894000E+03   0.98419998E+02   0.32972461E+04
 'COORDS  '           7 'INTE'
           8           1           1           8           1           0
           0
 'CORNERS '          24 'REAL'
   0.68894000E+03   0.00000000E+00   0.32644360E+04   0.78735999E+03
   0.00000000E+00   0.32644360E+04   0.68894000E+03   0.98419998E+02
   0.32644360E+04   0.78735999E+03   0.98419998E+02   0.32644360E+04
   0.68894000E+03   0.00000000E+00   0.32972461E+04   0.78735999E+03
   0.00000000E+00   0.32972461E+04   0.68894000E+03   0.98419998E+02
   0.32972461E+04   0.78735999E+03   0.98419998E+02   0.32972461E+04
 'COORDS  '           7 'INTE'
           9           1           1           9           1           0
           0
 'CORNERS '          24 'REAL'
   0.78735999E+03   0.00000000E+00   0.32644360E+04   0.88578003E+03
   0.00000000E+00   0.32644360E+04   0.78735999E+03   0.98419998E+02
   0.32644360E+04   0.88578003E+03   0.98419998E+02   0.32644360E+04
   0.78735999E+03   0.00000000E+00   0.32972461E+04   0.88578003E+03
   0.00000000E+00   0.32972461E+04   0.78735999E+03   0.98419998E+02
   0.32972461E+04   0.88578003E+03   0.98419998E+02   0.32972461E+04
 'COORDS  '           7 'INTE'
          10           1           1          10           1           0
           0
 'CORNERS '          24 'REAL'
   0.88578003E+03   0.00000000E+00   0.32644360E+04   0.98420001E+03
   0.00000000E+00   0.32644360E+04   0.88578003E+03   0.98419998E+02
   0.32644360E+04   0.98420001E+03   0.98419998E+02   0.32644360E+04
   0.88578003E+03   0.00000000E+00   0.32972461E+04   0.98420001E+03
   0.00000000E+00   0.32972461E+04   0.88578003E+03   0.98419998E+02
   0.32972461E+04   0.98420001E+03   0.98419998E+02   0.32972461E+04
 'COORDS  '           7 'INTE'
          11           1           1          11           1           0
           0
 'CORNERS '          24 'REAL'
   0.98420001E+03   0.00000000E+00   0.32644360E+04   0.10826200E+04
   0.00000000E+00   0.32644360E+04   0.98420001E+03   0.98419998E+02
   0.32644360E+04   0.10826200E+04   0.98419998E+02   0.32644360E+04
   0.98420001E+03   0.00000000E+00   0.32972461E+04   0.10826200E+04
   0.00000000E+00   0.32972461E+04   0.98420001E+03   0.98419998E+02
   0.32972461E+04   0.10826200E+04   0.98419998E+02   0.32972461E+04
 'COORDS  '           7 'INTE'
          12           1           1          12           1           0
           0
 'CORNERS '          24 'REAL'
   0.10826200E+04   0.00000000E+00   0.32644360E+04   0.11810400E+04
   0.00000000E+00   0.32644360E+04   0.10826200E+04   0.98419998E+02
   0.32644360E+04   0.11810400E+04   0.98419998E+02   0.32644360E+04
   0.10826200E+04   0.00000000E+00   0.32972461E+04   0.11810400E+04
   0.00000000E+00   0.32972461E+04   0.10826200E+04   0.98419998E+02
   0.32972461E+04   0.11810400E+04   0.98419998E+02   0.32972461E+04
 'COORDS  '           7 'INTE'
          13           1           1          13           1           0
           0
 'CORNERS '          24 'REAL'
   0.11810400E+04   0.00000000E+00   0.32644360E+04   0.12794600E+04
   0.00000000E+00   0.32644360E+04   0.11810400E+04   0.98419998E+02
   0.32644360E+04   0.12794600E+04   0.98419998E+02   0.32644360E+04
   0.11810400E+04   0.00000000E+00   0.32972461E+04   0.12794600E+04
   0.00000000E+00   0.32972461E+04   0.11810400E+04   0.98419998E+02
   0.32972461E+04   0.12794600E+04   0.98419998E+02   0.32972461E+04
 'COORDS  '           7 'INTE'
          14           1           1          14           1           0
           0
 'CORNERS '          24 'REAL'
   0.12794600E+04   0.00000000E+00   0.32644360E+04   0.13778800E+04
   0.00000000E+00   0.32644360E+04   0.12794600E+04   0.98419998E+02
   0.32644360E+04   0.13778800E+04   0.98419998E+02   0.32644360E+04
   0.12794600E+04   0.00000000E+00   0.32972461E+04   0.13778800E+04
   0.00000000E+00   0.32972461E+04   0.12794600E+04   0.98419998E+02
   0.32972461E+04   0.13778800E+04   0.98419998E+02   0.32972461E+04
 'COORDS  '           7 'INTE'
          15           1           1          15           1           0
           0
 'CORNERS '          24 'REAL'
   0.13778800E+04   0.00000000E+00   0.32644360E+04   0.14763000E+04
   0.00000000E+00   0.32644360E+04   0.13778800E+04   0.98419998E+02
   0.32644360E+04   0.14763000E+04   0.98419998E+02   0.32644360E+04
   0.13778800E+04   0.00000000E+00   0.32972461E+04   0.14763000E+04
   0.00000000E+00   0.32972461E+04   0.13778800E+04   0.98419998E+02
   0.32972461E+04   0.14763000E+04   0.98419998E+02   0.32972461E+04
 'COORDS  '           7 'INTE'
           1           2           1          16           1           0
           0
 'CORNERS '          24 'REAL'
   0.00000000E+00   0.98419998E+02   0.32644360E+04   0.98419998E+02
   0.98419998E+02   0.32644360E+04   0.00000000E+00   0.19684000E+03
   0.32644360E+04   0.98419998E+02   0.19684000E+03   0.32644360E+04
   0.00000000E+00   0.98419998E+02   0.32972461E+04   0.98419998E+02
   0.98419998E+02   0.32972461E+04   0.00000000E+00   0.19684000E+03
   0.32972461E+04   0.98419998E+02   0.19684000E+03   0.32972461E+04
 'COORDS  '           7 'INTE'
           2           2           1          17           1           0
           0
 'CORNERS '          24 'REAL'
   0.98419998E+02   0.98419998E+02   0.32644360E+04   0.19684000E+03
   0.98419998E+02   0.32644360E+04   0.98419998E+02   0.19684000E+03
   0.32644360E+04   0.19684000E+03   0.19684000E+03   0.32644360E+04
   0.98419998E+02   0.98419998E+02   0.32972461E+04   0.19684000E+03
   0.98419998E+02   0.32972461E+04   0.98419998E+02   0.19684000E+03
   0.32972461E+04   0.19684000E+03   0.19684000E+03   0.32972461E+04
 'COORDS  '           7 'INTE'
           3           2           1          18           1           0
           0
 'CORNERS '          24 'REAL'
   0.19684000E+03   0.98419998E+02   0.32644360E+04   0.29526001E+03
   0.98419998E+02   0.32644360E+04   0.19684000E+03   0.19684000E+03
   0.32644360E+04   0.29526001E+03   0.19684000E+03   0.32644360E+04
   0.19684000E+03   0.98419998E+02   0.32972461E+04   0.29526001E+03
   0.98419998E+02   0.32972461E+04   0.19684000E+03   0.19684000E+03
   0.32972461E+04   0.29526001E+03   0.19684000E+03   0.32972461E+04
 'COORDS  '           7 'INTE'
           4           2           1          19           1           0
           0
 'CORNERS '          24 'REAL'
   0.29526001E+03   0.98419998E+02   0.32644360E+04   0.39367999E+03
   0.98419998E+02   0.32644360E+04   0.29526001E+03   0.19684000E+03
   0.32644360E+04   0.39367999E+03   0.19684000E+03   0.32644360E+04
   0.29526001E+03   0.98419998E+02   0.32972461E+04   0.39367999E+03
   0.98419998E+02   0.32972461E+04   0.29526001E+03   0.19684000E+03
   0.32972461E+04   0.39367999E+03   0.19684000E+03   0.32972461E+04
 'COORDS  '           7 'INTE'
           5           2           1          20           1           0
           0
 'CORNERS '          24 'REAL'
   0.39367999E+03   0.98419998E+02   0.32644360E+04   0.49210001E+03
   0.98419998E+02   0.32644360E+04   0.39367999E+03   0.19684000E+03
   0.32644360E+04   0.49210001E+03   0.19684000E+03   0.32644360E+04
   0.39367999E+03   0.98419998E+02   0.32972461E+04   0.49210001E+03
   0.98419998E+02   0.32972461E+04   0.39367999E+03   0.19684000E+03
   0.32972461E+04   0.49210001E+03   0.19684000E+03   0.32972461E+04
 'COORDS  '           7 'INTE'
           6           2           1          21           1           0
           0
 'CORNERS '          24 'REAL'
   0.49210001E+03   0.98419998E+02   0.32644360E+04   0.59052002E+03
   0.98419998E+02   0.32644360E+04   0.49210001E+03   0.19684000E+03
   0.32644360E+04   0.59052002E+03   0.19684000E+03   0.32644360E+04
   0.49210001E+03   0.98419998E+02   0.32972461E+04   0.59052002E+03
   0.98419998E+02   0.32972461E+04   0.49210001E+03   0.19684000E+03
   0.32972461E+04   0.59052002E+03   0.19684000E+03   0.32972461E+04
 'COORDS  '           7 'INTE'
           7           2           1          22           1           0
           0
 'CORNERS '          24 'REAL'
   0.59052002E+03   0.98419998E+02   0.32644360E+04   0.68894000E+03
   0.98419998E+02   0.32644360E+04   0.59052002E+03   0.19684000E+03
   0.32644360E+04   0.68894000E+03   0.19684000E+03   0.32644360E+04
   0.59052002E+03   0.98419998E+02   0.32972461E+04   0.68894000E+03
   0.98419998E+02   0.32972461E+04   0.59052002E+03   0.19684000E+03
   0.32972461E+04   0.68894000E+03   0.19684000E+03   0.32972461E+04
 'COORDS  '           7 'INTE'
           8           2           1          23           1           0
           0
 'CORNERS '          24 'REAL'
   0.68894000E+03   0.98419998E+02   0.32644360E+04   0.78735999E+03
   0.98419998E+02   0.32644360E+04   0.68894000E+03   0.19684000E+03
   0.32644360E+04   0.78735999E+03   0.19684000E+03   0.32644360E+04
   0.68894000E+03   0.98419998E+02   0.32972461E+04   0.78735999E+03
   0.98419998E+02   0.32972461E+04   0.68894000E+03   0.19684000E+03
   0.32972461E+04   0.78735999E+03   0.19684000E+03   0.32972461E+04
 'COORDS  '           7 'INTE'
           9           2           1          24           1           0
           0
 'CORNERS '          24 'REAL'
   0.78735999E+03   0.98419998E+02   0.32644360E+04   0.88578003E+03
   0.98419998E+02   0.32644360E+04   0.78735999E+03   0.19684000E+03
   0.32644360E+04   0.88578003E+03   0.19684000E+03   0.32644360E+04
   0.78735999E+03   0.98419998E+02   0.32972461E+04   0.88578003E+03
   0.98419998E+02   0.32972461E+04   0.78735999E+03   0.19684000E+03
   0.32972461E+04   0.88578003E+03   0.19684000E+03   0.32972461E+04
 'COORDS  '           7 'INTE'
          10           2           1          25           1           0
           0
 'CORNERS '          24 'REAL'
   0.88578003E+03   0.98419998E+02   0.32644360E+04   0.98420001E+03
   0.98419998E+02   0.32644360E+04   0.88578003E+03   0.19684000E+03
   0.32644360E+04   0.98420001E+03   0.19684000E+03   0.32644360E+04
   0.88578003E+03   0.98419998E+02   0.32972461E+04   0.98420001E+03
   0.98419998E+02   0.32972461E+04   0.88578003E+03   0.19684000E+03
   0.32972461E+04   0.98420001E+03   0.19684000E+03   0.32972461E+04
 'COORDS  '           7 'INTE'
          11           2           1          26           1           0
           0
 'CORNERS '          24 'REAL'
   0.98420001E+03   0.98419998E+02   0.32644360E+04   0.10826200E+04
   0.98419998E+02   0.32644360E+04   0.98420001E+03   0.19684000E+03
   0.32644360E+04   0.10826200E+04   0.19684000E+03   0.32644360E+04
   0.98420001E+03   0.98419998E+02   0.32972461E+04   0.10826200E+04
   0.98419998E+02   0.32972461E+04   0.98420001E+03   0.19684000E+03
   0.32972461E+04   0.10826200E+04   0.19684000E+03   0.32972461E+04
 'COORDS  '           7 'INTE'
          12           2           1          27           1           0
           0
 'CORNERS '          24 'REAL'
   0.10826200E+04   0.98419998E+02   0.32644360E+04   0.11810400E+04
   0.98419998E+02   0.32644360E+04   0.10826200E+04   0.19684000E+03
   0.32644360E+04   0.11810400E+04   0.19684000E+03   0.32644360E+04
   0.10826200E+04   0.98419998E+02   0.32972461E+04   0.11810400E+04
   0.98419998E+02   0.32972461E+04   0.10826200E+04   0.19684000E+03
   0.32972461E+04   0.11810400E+04   0.19684000E+03   0.32972461E+04
 'COORDS  '           7 'INTE'
          13           2           1          28           1           0
           0
 'CORNERS '          24 'REAL'
   0.11810400E+04   0.98419998E+02   0.32644360E+04   0.12794600E+04
   0.98419998E+02   0.32644360E+04   0.11810400E+04   0.19684000E+03
   0.32644360E+04   0.12794600E+04   0.19684000E+03   0.32644360E+04
   0.11810400E+04   0.98419998E+02   0.32972461E+04   0.12794600E+04
   0.98419998E+02   0.32972461E+04   0.11810400E+04   0.19684000E+03
   0.32972461E+04   0.12794600E+04   0.19684000E+03   0.32972461E+04
 'COORDS  '           7 'INTE'
          14           2           1          29           1           0
           0
 'CORNERS '          24 'REAL'
   0.12794600E+04   0.98419998E+02   0.32644360E+04   0.13778800E+04
   0.98419998E+02   0.32644360E+04   0.12794600E+04   0.19684000E+03
   0.32644360E+04   0.13778800E+04   0.19684000E+03   0.32644360E+04
   0.12794600E+04   0.98419998E+02   0.32972461E+04   0.13778800E+04
   0.98419998E+02   0.32972461E+04   0.12794600E+04   0.19684000E+03
   0.32972461E+04   0.13778800E+04   0.19684000E+03   0.32972461E+04
 'COORDS  '           7 'INTE'
          15           2           1          30           1           0
           0
 'CORNERS '          24 'REAL'
   0.13778800E+04   0.98419998E+02   0.32644360E+04   0.14763000E+04
   0.98419998E+02   0.32644360E+04   0.13778800E+04   0.19684000E+03
   0.32644360E+04   0.14763000E+04   0.19684000E+03   0.32644360E+04
   0.13778800E+04   0.98419998E+02   0.32972461E+04   0.14763000E+04
   0.98419998E+02   0.32972461E+04   0.13778800E+04   0.19684000E+03
   0.32972461E+04   0.14763000E+04   0.19684000E+03   0.32972461E+04
 'COORDS  '           7 'INTE'
           1           3           1          31           1           0
           0
 'CORNERS '          24 'REAL'
   0.00000000E+00   0.19684000E+03   0.32644360E+04   0.98419998E+02
   0.19684000E+03   0.32644360E+04   0.00000000E+00   0.29526001E+03
   0.32644360E+04   0.98419998E+02   0.29526001E+03   0.32644360E+04
   0.00000000E+00   0.19684000E+03   0.32972461E+04   0.98419998E+02
   0.19684000E+03   0.32972461E+04   0.00000000E+00   0.29526001E+03
   0.32972461E+04   0.98419998E+02   0.29526001E+03   0.32972461E+04
 'COORDS  '           7 'INTE'
           2           3           1          32           1           0
           0
 'CORNERS '          24 'REAL'
   0.98419998E+02   0.19684000E+03   0.32644360E+04   0.19684000E+03
   0.19684000E+03   0.32644360E+04   0.98419998E+02   0.29526001E+03
   0.32644360E+04   0.19684000E+03   0.29526001E+03   0.32644360E+04
   0.98419998E+02   0.19684000E+03   0.32972461E+04   0.19684000E+03
   0.19684000E+03   0.32972461E+04   0.98419998E+02   0.29526001E+03
   0.32972461E+04   0.19684000E+03   0.29526001E+03   0.32972461E+04
 'COORDS  '           7 'INTE'
           3           3           1          33           1           0
           0
 'CORNERS '          24 'REAL'
   0.19684000E+03   0.19684000E+03   0.32644360E+04   0.29526001E+03
   0.19684000E+03   0.32644360E+04   0.19684000E+03   0.29526001E+03
   0.32644360E+04   0.29526001E+03   0.29526001E+03   0.32644360E+04
   0.19684000E+03   0.19684000E+03   0.32972461E+04   0.29526001E+03
   0.19684000E+03   0.32972461E+04   0.19684000E+03   0.29526001E+03
   0.32972461E+04   0.29526001E+03   0.29526001E+03   0.32972461E+04
 'COORDS  '           7 'INTE'
           4           3           1          34           1           0
           0
 'CORNERS '          24 'REAL'
   0.29526001E+03   0.19684000E+03   0.32644360E+04   0.39367999E+03
   0.19684000E+03   0.32644360E+04   0.29526001E+03   0.29526001E+03
   0.32644360E+04   0.39367999E+03   0.29526001E+03   0.32644360E+04
   0.29526001E+03   0.19684000E+03   0.32972461E+04   0.39367999E+03
   0.19684000E+03   0.32972461E+04   0.29526001E+03   0.29526001E+03
   0.32972461E+04   0.39367999E+03   0.29526001E+03   0.32972461E+04
 'COORDS  '           7 'INTE'
           5           3           1          35           1           0
           0
 'CORNERS '          24 'REAL'
   0.39367999E+03   0.19684000E+03   0.32644360E+04   0.49210001E+03
   0.19684000E+03   0.32644360E+04   0.39367999E+03   0.29526001E+03
   0.32644360E+04   0.49210001E+03   0.29526001E+03   0.32644360E+04
   0.39367999E+03   0.19684000E+03   0.32972461E+04   0.49210001E+03
   0.19684000E+03   0.32972461E+04   0.39367999E+03   0.29526001E+03
   0.32972461E+04   0.49210001E+03   0.29526001E+03   0.32972461E+04
 'COORDS  '           7 'INTE'
           6           3           1          36           1           0
           0
 'CORNERS '          24 'REAL'
   0.49210001E+03   0.19684000E+03   0.32644360E+04   0.59052002E+03
   0.19684000E+03   0.32644360E+04   0.49210001E+03   0.29526001E+03
   0.32644360E+04   0.59052002E+03   0.29526001E+03   0.32644360E+04
   0.49210001E+03   0.19684000E+03   0.32972461E+04   0.59052002E+03
   0.19684000E+03   0.32972461E+04   0.49210001E+03   0.29526001E+03
   0.32972461E+04   0.59052002E+03   0.29526001E+03   0.32972461E+04
 'COORDS  '           7 'INTE'
           7           3           1          37           1           0
           0
 'CORNERS '          24 'REAL'
   0.59052002E+03   0.19684000E+03   0.32644360E+04   0.68894000E+03
   0.19684000E+03   0.32644360E+04   0.59052002E+03   0.29526001E+03
   0.32644360E+04   0.68894000E+03   0.29526001E+03   0.32644360E+04
   0.59052002E+03   0.19684000E+03   0.32972461E+04   0.68894000E+03
   0.19684000E+03   0.32972461E+04   0.59052002E+03   0.29526001E+03
   0.32972461E+04   0.68894000E+03   0.29526001E+03   0.32972461E+04
 'COORDS  '           7 'INTE'
           8           3           1          38           1           0
           0
 'CORNERS '          24 'REAL'
   0.68894000E+03   0.19684000E+03   0.32644360E+04   0.78735999E+03
   0.19684000E+03   0.32644360E+04   0.68894000E+03   0.29526001E+03
   0.32644360E+04   0.78735999E+03   0.29526001E+03   0.32644360E+04
   0.68894000E+03   0.19684000E+03   0.32972461E+04   0.78735999E+03
   0.19684000E+03   0.32972461E+04   0.68894000E+03   0.29526001E+03
   0.32972461E+04   0.78735999E+03   0.29526001E+03   0.32972461E+04
 'COORDS  '           7 'INTE'
           9           3           1          39           1           0
           0
 'CORNERS '          24 'REAL'
   0.78735999E+03   0.19684000E+03   0.32644360E+04   0.88578003E+03
   0.19684000E+03   0.32644360E+04   0.78735999E+03   0.29526001E+03
   0.32644360E+04   0.88578003E+03   0.29526001E+03   0.32644360E+04
   0.78735999E+03   0.19684000E+03   0.32972461E+04   0.88578003E+03
   0.19684000E+03   0.32972461E+04   0.78735999E+03   0.29526001E+03
   0.32972461E+04   0.88578003E+03   0.29526001E+03   0.32972461E+04
 'COORDS  '           7 'INTE'
          10           3           1          40           1           0
           0
 'CORNERS '          24 'REAL'
   0.88578003E+03   0.19684000E+03   0.32644360E+04   0.98420001E+03
   0.19684000E+03   0.32644360E+04   0.88578003E+03   0.29526001E+03
   0.32644360E+04   0.98420001E+03   0.29526001E+03   0.32644360E+04
   0.88578003E+03   0.19684000E+03   0.32972461E+04   0.98420001E+03
   0.19684000E+03   0.32972461E+04   0.88578003E+03   0.29526001E+03
   0.32972461E+04   0.98420001E+03   0.29526001E+03   0.32972461E+04
 'COORDS  '           7 'INTE'
          11           3           1          41           1           0
           0
 'CORNERS '          24 'REAL'
   0.98420001E+03   0.19684000E+03   0.32644360E+04   0.10826200E+04
   0.19684000E+03   0.32644360E+04   0.98420001E+03   0.29526001E+03
   0.32644360E+04   0.10826200E+04   0.29526001E+03   0.32644360E+04
   0.98420001E+03   0.19684000E+03   0.32972461E+04   0.10826200E+04
   0.19684000E+03   0.32972461E+04   0.98420001E+03   0.29526001E+03
   0.32972461E+04   0.10826200E+04   0.29526001E+03   0.32972461E+04
 'COORDS  '           7 'INTE'
          12           3           1          42           1           0
           0
 'CORNERS '          24 'REAL'
   0.10826200E+04   0.19684000E+03   0.32644360E+04   0.11810400E+04
   0.19684000E+03   0.32644360E+04   0.10826200E+04   0.29526001E+03
   0.32644360E+04   0.11810400E+04   0.29526001E+03   0.32644360E+04
   0.10826200E+04   0.19684000E+03   0.32972461E+04   0.11810400E+04
   0.19684000E+03   0.32972461E+04   0.10826200E+04   0.29526001E+03
   0.32972461E+04   0.11810400E+04   0.29526001E+03   0.32972461E+04
 'COORDS  '           7 'INTE'
          13           3           1          43           1           0
           0
 'CORNERS '          24 'REAL'
   0.11810400E+04   0.19684000E+03   0.32644360E+04   0.12794600E+04
   0.19684000E+03   0.32644360E+04   0.11810400E+04   0.29526001E+03
   0.32644360E+04   0.12794600E+04   0.29526001E+03   0.32644360E+04
   0.11810400E+04   0.19684000E+03   0.32972461E+04   0.12794600E+04
   0.19684000E+03   0.32972461E+04   0.11810400E+04   0.29526001E+03
   0.32972461E+04   0.12794600E+04   0.29526001E+03   0.32972461E+04
 'COORDS  '           7 'INTE'
          14           3           1          44           1           0
           0
 'CORNERS '          24 'REAL'
   0.12794600E+04   0.19684000E+03   0.32644360E+04   0.13778800E+04
   0.19684000E+03   0.32644360E+04   0.12794600E+04   0.29526001E+03
   0.32644360E+04   0.13778800E+04   0.29526001E+03   0.32644360E+04
   0.12794600E+04   0.19684000E+03   0.32972461E+04   0.13778800E+04
   0.19684000E+03   0.32972461E+04   0.12794600E+04   0.29526001E+03
   0.32972461E+04   0.13778800E+04   0.29526001E+03   0.32972461E+04
 'COORDS  '           7 'INTE'
          15           3           1          45           1           0
           0
 'CORNERS '          24 'REAL'
   0.13778800E+04   0.19684000E+03   0.32644360E+04   0.14763000E+04
   0.19684000E+03   0.32644360E+04   0.13778800E+04   0.29526001E+03
   0.32644360E+04   0.14763000E+04   0.29526001E+03   0.32644360E+04
   0.13778800E+04   0.19684000E+03   0.32972461E+04   0.14763000E+04
   0.19684000E+03   0.32972461E+04   0.13778800E+04   0.29526001E+03
   0.32972461E+04   0.14763000E+04   0.29526001E+03   0.32972461E+04
 'COORDS  '           7 'INTE'
           1           4           1          46           1           0
           0
 'CORNERS '          24 'REAL'
   0.00000000E+00   0.29526001E+03   0.32644360E+04   0.98419998E+02
   0.29526001E+03   0.32644360E+04   0.00000000E+00   0.39367999E+03
   0.32644360E+04   0.98419998E+02   0.39367999E+03   0.32644360E+04
   0.00000000E+00   0.29526001E+03   0.32972461E+04   0.98419998E+02
   0.29526001E+03   0.32972461E+04   0.00000000E+00   0.39367999E+03
   0.32972461E+04   0.98419998E+02   0.39367999E+03   0.32972461E+04
 'COORDS  '           7 'INTE'
           2           4           1          47           1           0
           0
 'CORNERS '          24 'REAL'
   0.98419998E+02   0.29526001E+03   0.32644360E+04   0.19684000E+03
   0.29526001E+03   0.32644360E+04   0.98419998E+02   0.39367999E+03
   0.32644360E+04   0.19684000E+03   0.39367999E+03   0.32644360E+04
   0.98419998E+02   0.29526001E+03   0.32972461E+04   0.19684000E+03
   0.29526001E+03   0.32972461E+04   0.98419998E+02   0.39367999E+03
   0.32972461E+04   0.19684000E+03   0.39367999E+03   0.32972461E+04
 'COORDS  '           7 'INTE'
           3           4           1          48           1           0
           0
 'CORNERS '          24 'REAL'
   0.19684000E+03   0.29526001E+03   0.32644360E+04   0.29526001E+03
   0.29526001E+03   0.32644360E+04   0.19684000E+03   0.39367999E+03
   0.32644360E+04   0.29526001E+03   0.39367999E+03   0.32644360E+04
   0.19684000E+03   0.29526001E+03   0.32972461E+04   0.29526001E+03
   0.29526001E+03   0.32972461E+04   0.19684000E+03   0.39367999E+03
   0.32972461E+04   0.29526001E+03   0.39367999E+03   0.32972461E+04
 'COORDS  '           7 'INTE'
           4           4           1          49           1           0
           0
 'CORNERS '          24 'REAL'
   0.29526001E+03   0.29526001E+03   0.32644360E+04   0.39367999E+03
   0.29526001E+03   0.32644360E+04   0.29526001E+03   0.39367999E+03
   0.32644360E+04   0.39367999E+03   0.39367999E+03   0.32644360E+04
   0.29526001E+03   0.29526001E+03   0.32972461E+04   0.39367999E+03
   0.29526001E+03   0.32972461E+04   0.29526001E+03   0.39367999E+03
   0.32972461E+04   0.39367999E+03   0.39367999E+03   0.32972461E+04
 'COORDS  '           7 'INTE'
           5           4           1          50           1           0
           0
 'CORNERS '          24 'REAL'
   0.39367999E+03   0.29526001E+03   0.32644360E+04   0.49210001E+03
   0.29526001E+03   0.32644360E+04   0.39367999E+03   0.39367999E+03
   0.32644360E+04   0.49210001E+03   0.39367999E+03   0.32644360E+04
   0.39367999E+03   0.29526001E+03   0.32972461E+04   0.49210001E+03
   0.29526001E+03   0.32972461E+04   0.39367999E+03   0.39367999E+03
   0.32972461E+04   0.49210001E+03   0.39367999E+03   0.32972461E+04
 'COORDS  '           7 'INTE'
           6           4           1          51           1           0
           0
 'CORNERS '          24 'REAL'
   0.49210001E+03   0.29526001E+03   0.32644360E+04   0.59052002E+03
   0.29526001E+03   0.32644360E+04   0.49210001E+03   0.39367999E+03
   0.32644360E+04   0.59052002E+03   0.39367999E+03   0.32644360E+04
   0.49210001E+03   0.29526001E+03   0.32972461E+04   0.59052002E+03
   0.29526001E+03   0.32972461E+04   0.49210001E+03   0.39367999E+03
   0.32972461E+04   0.59052002E+03   0.39367999E+03   0.32972461E+04
 'COORDS  '           7 'INTE'
           7           4           1          52           1           0
           0
 'CORNERS '          24 'REAL'
   0.59052002E+03   0.29526001E+03   0.32644360E+04   0.68894000E+03
   0.29526001E+03   0.32644360E+04   0.59052002E+03   0.39367999E+03
   0.32644360E+04   0.68894000E+03   0.39367999E+03   0.32644360E+04
   0.59052002E+03   0.29526001E+03   0.32972461E+04   0.68894000E+03
   0.29526001E+03   0.32972461E+04   0.59052002E+03   0.39367999E+03
   0.32972461E+04   0.68894000E+03   0.39367999E+03   0.32972461E+04
 'COORDS  '           7 'INTE'
           8           4           1          53           1           0
           0
 'CORNERS '          24 'REAL'
   0.68894000E+03   0.29526001E+03   0.32644360E+04   0.78735999E+03
   0.29526001E+03   0.32644360E+04   0.68894000E+03   0.39367999E+03
   0.32644360E+04   0.78735999E+03   0.39367999E+03   0.32644360E+04
   0.68894000E+03   0.29526001E+03   0.32972461E+04   0.78735999E+03
   0.29526001E+03   0.32972461E+04   0.68894000E+03   0.39367999E+03
   0.32972461E+04   0.78735999E+03   0.39367999E+03   0.32972461E+04
 'COORDS  '           7 'INTE'
           9           4           1          54           1           0
           0
 'CORNERS '          24 'REAL'
   0.78735999E+03   0.29526001E+03   0.32644360E+04   0.88578003E+03
   0.29526001E+03   0.32644360E+04   0.78735999E+03   0.39367999E+03
   0.32644360E+04   0.88578003E+03   0.39367999E+03   0.32644360E+04
   0.78735999E+03   0.29526001E+03   0.32972461E+04   0.88578003E+03
   0.29526001E+03   0.32972461E+04   0.78735999E+03   0.39367999E+03
   0.32972461E+04   0.88578003E+03   0.39367999E+03   0.32972461E+04
 'COORDS  '           7 'INTE'
          10           4           1          55           1           0
           0
 'CORNERS '          24 'REAL'
   0.88578003E+03   0.29526001E+03   0.32644360E+04   0.98420001E+03
   0.29526001E+03   0.32644360E+04   0.88578003E+03   0.39367999E+03
   0.32644360E+04   0.98420001E+03   0.39367999E+03   0.32644360E+04
   0.88578003E+03   0.29526001E+03   0.32972461E+04   0.98420001E+03
   0.29526001E+03   0.32972461E+04   0.88578003E+03   0.39367999E+03
   0.32972461E+04   0.98420001E+03   0.39367999E+03   0.32972461E+04
 'COORDS  '           7 'INTE'
          11           4           1          56           1           0
           0
 'CORNERS '          24 'REAL'
   0.98420001E+03   0.29526001E+03   0.32644360E+04   0.10826200E+04
   0.29526001E+03   0.32644360E+04   0.98420001E+03   0.39367999E+03
   0.32644360E+04   0.10826200E+04   0.39367999E+03   0.32644360E+04
   0.98420001E+03   0.29526001E+03   0.32972461E+04   0.10826200E+04
   0.29526001E+03   0.32972461E+04   0.98420001E+03   0.39367999E+03
   0.32972461E+04   0.10826200E+04   0.39367999E+03   0.32972461E+04
 'COORDS  '           7 'INTE'
          12           4           1          57           1           0
           0
 'CORNERS '          24 'REAL'
   0.10826200E+04   0.29526001E+03   0.32644360E+04   0.11810400E+04
   0.29526001E+03   0.32644360E+04   0.10826200E+04   0.39367999E+03
   0.32644360E+04   0.11810400E+04   0.39367999E+03   0.32644360E+04
   0.10826200E+04   0.29526001E+03   0.32972461E+04   0.11810400E+04
   0.29526001E+03   0.32972461E+04   0.10826200E+04   0.39367999E+03
   0.32972461E+04   0.11810400E+04   0.39367999E+03   0.32972461E+04
 'COORDS  '           7 'INTE'
          13           4           1          58           1           0
           0
 'CORNERS '          24 'REAL'
   0.11810400E+04   0.29526001E+03   0.32644360E+04   0.12794600E+04
   0.29526001E+03   0.32644360E+04   0.11810400E+04   0.39367999E+03
   0.32644360E+04   0.12794600E+04   0.39367999E+03   0.32644360E+04
   0.11810400E+04   0.29526001E+03   0.32972461E+04   0.12794600E+04
   0.29526001E+03   0.32972461E+04   0.11810400E+04   0.39367999E+03
   0.32972461E+04   0.12794600E+04   0.39367999E+03   0.32972461E+04
 'COORDS  '           7 'INTE'
          14           4           1          59           1           0
           0
 'CORNERS '          24 'REAL'
   0.12794600E+04   0.29526001E+03   0.32644360E+04   0.13778800E+04
   0.29526001E+03   0.32644360E+04   0.12794600E+04   0.39367999E+03
   0.32644360E+04   0.13778800E+04   0.39367999E+03   0.32644360E+04
   0.12794600E+04   0.29526001E+03   0.32972461E+04   0.13778800E+04
   0.29526001E+03   0.32972461E+04   0.12794600E+04   0.39367999E+03
   0.32972461E+04   0.13778800E+04   0.39367999E+03   0.32972461E+04
 'COORDS  '           7 'INTE'
          15           4           1          60           1           0
           0
 'CORNERS '          24 'REAL'
   0.13778800E+04   0.29526001E+03   0.32644360E+04   0.14763000E+04
   0.29526001E+03   0.32644360E+04   0.13778800E+04   0.39367999E+03
   0.32644360E+04   0.14763000E+04   0.39367999E+03   0.32644360E+04
   0.13778800E+04   0.29526001E+03   0.32972461E+04   0.14763000E+04
   0.29526001E+03   0.32972461E+04   0.13778800E+04   0.39367999E+03
   0.32972461E+04   0.14763000E+04   0.39367999E+03   0.32972461E+04
 'COORDS  '           7 'INTE'
           1           5           1          61           1           0
           0
 'CORNERS '          24 'REAL'
   0.00000000E+00   0.39367999E+03   0.32644360E+04   0.98419998E+02
   0.39367999E+03   0.32644360E+04   0.00000000E+00   0.49210001E+03
   0.32644360E+04   0.98419998E+02   0.49210001E+03   0.32644360E+04
   0.00000000E+00   0.39367999E+03   0.32972461E+04   0.98419998E+02
   0.39367999E+03   0.32972461E+04   0.00000000E+00   0.49210001E+03
   0.32972461E+04   0.98419998E+02   0.49210001E+03   0.32972461E+04
 'COORDS  '           7 'INTE'
           2           5           1          62           1           0
           0
 'CORNERS '          24 'REAL'
   0.98419998E+02   0.39367999E+03   0.32644360E+04   0.19684000E+03
   0.39367999E+03   0.32644360E+04   0.98419998E+02   0.49210001E+03
   0.32644360E+04   0.19684000E+03   0.49210001E+03   0.32644360E+04
   0.98419998E+02   0.39367999E+03   0.32972461E+04   0.19684000E+03
   0.39367999E+03   0.32972461E+04   0.98419998E+02   0.49210001E+03
   0.32972461E+04   0.19684000E+03   0.49210001E+03   0.32972461E+04
 'COORDS  '           7 'INTE'
           3           5           1          63           1           0
           0
 'CORNERS '          24 'REAL'
   0.19684000E+03   0.39367999E+03   0.32644360E+04   0.29526001E+03
   0.39367999E+03   0.32644360E+04   0.19684000E+03   0.49210001E+03
   0.32644360E+04   0.29526001E+03   0.49210001E+03   0.32644360E+04
   0.19684000E+03   0.39367999E+03   0.32972461E+04   0.29526001E+03
   0.39367999E+03   0.32972461E+04   0.19684000E+03   0.49210001E+03
   0.32972461E+04   0.29526001E+03   0.49210001E+03   0.32972461E+04
 'COORDS  '           7 'INTE'
           4           5           1          64           1           0
           0
 'CORNERS '          24 'REAL'
   0.29526001E+03   0.39367999E+03   0.32644360E+04   0.39367999E+03
   0.39367999E+03   0.32644360E+04   0.29526001E+03   0.49210001E+03
   0.32644360E+04   0.39367999E+03   0.49210001E+03   0.32644360E+04
   0.29526001E+03   0.39367999E+03   0.32972461E+04   0.39367999E+03
   0.39367999E+03   0.32972461E+04   0.29526001E+03   0.49210001E+03
   0.32972461E+04   0.39367999E+03   0.49210001E+03   0.32972461E+04
 'COORDS  '           7 'INTE'
           5           5           1          65           1           0
           0
 'CORNERS '          24 'REAL'
   0.39367999E+03   0.39367999E+03   0.32644360E+04   0.49210001E+03
   0.39367999E+03   0.32644360E+04   0.39367999E+03   0.49210001E+03
   0.32644360E+04   0.49210001E+03   0.49210001E+03   0.32644360E+04
   0.39367999E+03   0.39367999E+03   0.32972461E+04   0.49210001E+03
   0.39367999E+03   0.32972461E+04   0.39367999E+03   0.49210001E+03
   0.32972461E+04   0.49210001E+03   0.49210001E+03   0.32972461E+04
 'COORDS  '           7 'INTE'
           6           5           1          66           1           0
           0
 'CORNERS '          24 'REAL'
   0.49210001E+03   0.39367999E+03   0.32644360E+04   0.59052002E+03
   0.39367999E+03   0.32644360E+04   0.49210001E+03   0.49210001E+03
   0.32644360E+04   0.59052002E+03   0.49210001E+03   0.32644360E+04
   0.49210001E+03   0.39367999E+03   0.32972461E+04   0.59052002E+03
   0.39367999E+03   0.32972461E+04   0.49210001E+03   0.49210001E+03
   0.32972461E+04   0.59052002E+03   0.49210001E+03   0.32972461E+04
 'COORDS  '           7 'INTE'
           7           5           1          67           1           0
           0
 'CORNERS '          24 'REAL'
   0.59052002E+03   0.39367999E+03   0.32644360E+04   0.68894000E+03
   0.39367999E+03   0.32644360E+04   0.59052002E+03   0.49210001E+03
   0.32644360E+04   0.68894000E+03   0.49210001E+03   0.32644360E+04
   0.59052002E+03   0.39367999E+03   0.32972461E+04   0.68894000E+03
   0.39367999E+03   0.32972461E+04   0.59052002E+03   0.49210001E+03
   0.32972461E+04   0.68894000E+03   0.49210001E+03   0.32972461E+04
 'COORDS  '           7 'INTE'
           8           5           1          68           1           0
           0
 'CORNERS '          24 'REAL'
   0.68894000E+03   0.39367999E+03   0.32644360E+04   0.78735999E+03
   0.39367999E+03   0.32644360E+04   0.68894000E+03   0.49210001E+03
   0.32644360E+04   0.78735999E+03   0.49210001E+03   0.32644360E+04
   0.68894000E+03   0.39367999E+03   0.32972461E+04   0.78735999E+03
   0.39367999E+03   0.32972461E+04   0.68894000E+03   0.49210001E+03
   0.32972461E+04   0.78735999E+03   0.49210001E+03   0.32972461E+04
 'COORDS  '           7 'INTE'
           9           5           1          69           1           0
           0
 'CORNERS '          24 'REAL'
   0.78735999E+03   0.39367999E+03   0.32644360E+04   0.88578003E+03
   0.39367999E+03   0.32644360E+04   0.78735999E+03   0.49210001E+03
   0.32644360E+04   0.88578003E+03   0.49210001E+03   0.32644360E+04
   0.78735999E+03   0.39367999E+03   0.32972461E+04   0.88578003E+03
   0.39367999E+03   0.32972461E+04   0.78735999E+03   0.49210001E+03
   0.32972461E+04   0.88578003E+03   0.49210001E+03   0.32972461E+04
 'COORDS  '           7 'INTE'
          10           5           1          70           1           0
           0
 'CORNERS '          24 'REAL'
   0.88578003E+03   0.39367999E+03   0.32644360E+04   0.98420001E+03
   0.39367999E+03   0.32644360E+04   0.88578003E+03   0.49210001E+03
   0.32644360E+04   0.98420001E+03   0.49210001E+03   0.32644360E+04
   0.88578003E+03   0.39367999E+03   0.32972461E+04   0.98420001E+03
   0.39367999E+03   0.32972461E+04   0.88578003E+03   0.49210001E+03
   0.32972461E+04   0.98420001E+03   0.49210001E+03   0.32972461E+04
 'COORDS  '           7 'INTE'
          11           5           1          71           1           0
           0
 'CORNERS '          24 'REAL'
   0.98420001E+03   0.39367999E+03   0.32644360E+04   0.10826200E+04
   0.39367999E+03   0.32644360E+04   0.98420001E+03   0.49210001E+03
   0.32644360E+04   0.10826200E+04   0.49210001E+03   0.32644360E+04
   0.98420001E+03   0.39367999E+03   0.32972461E+04   0.10826200E+04
   0.39367999E+03   0.32972461E+04   0.98420001E+03   0.49210001E+03
